export const properties = [
  {
    images: [
      "https://images.unsplash.com/photo-1600585154526-990dced4db0d?w=1200&q=80",
      "https://images.unsplash.com/photo-1506744038136-46273834b3fb?w=1200&q=80",
      "https://images.unsplash.com/photo-1512917774080-9991f1c4c750?w=1200&q=80",


    ],
    title: "Peninsula Heights, Albert Embankment, London",
    beds: 4,
    baths: 4,
    area: "4,000 SQ.FT.",
    price: "£ 9,500,000",
  },
  {
    images: [
      "https://images.unsplash.com/photo-1506744038136-46273834b3fb?w=1200&q=80",
      "https://images.unsplash.com/photo-1600585154526-990dced4db0d?w=1200&q=80",

      "https://images.unsplash.com/photo-1512917774080-9991f1c4c750?w=1200&q=80",

    ],
    title: "Hanover Square, Mayfair, London",
    beds: 3,
    baths: 4,
    area: "1,280 SQ.FT.",
    price: "£ 7,500,000",
  },
  {
    images: [
      "https://images.unsplash.com/photo-1512917774080-9991f1c4c750?w=1200&q=80",
      "https://images.unsplash.com/photo-1600585154526-990dced4db0d?w=1200&q=80",

      "https://images.unsplash.com/photo-1512917774080-9991f1c4c750?w=1200&q=80",
    ],
    title: "Craven Hill Gardens, Bayswater, London",
    beds: 4,
    baths: 3,
    area: "2,863 SQ.FT.",
    price: "£ 4,250,000",
  },
   {
    images:[
      "https://images.unsplash.com/photo-1600585154526-990dced4db0d?w=1200&q=80",
      "https://images.unsplash.com/photo-1506744038136-46273834b3fb?w=1200&q=80",
      "https://images.unsplash.com/photo-1512917774080-9991f1c4c750?w=1200&q=80",

    ],
    title: "Peninsula Heights, Albert Embankment, London",
    beds: 4,
    baths: 4,
    area: "4,000 SQ.FT.",
    price: "£ 9,500,000",
  },
  {
    images:[
      "https://images.unsplash.com/photo-1506744038136-46273834b3fb?w=1200&q=80",
      "https://images.unsplash.com/photo-1600585154526-990dced4db0d?w=1200&q=80",
      "https://images.unsplash.com/photo-1512917774080-9991f1c4c750?w=1200&q=80",

    ],
    title: "Hanover Square, Mayfair, London",
    beds: 3,
    baths: 4,
    area: "1,280 SQ.FT.",
    price: "£ 7,500,000",
  },
  {
    images:[
      "https://images.unsplash.com/photo-1512917774080-9991f1c4c750?w=1200&q=80",
      "https://images.unsplash.com/photo-1600585154526-990dced4db0d?w=1200&q=80",

      "https://images.unsplash.com/photo-1512917774080-9991f1c4c750?w=1200&q=80",
    ],
    title: "Craven Hill Gardens, Bayswater, London",
    beds: 4,
    baths: 3,
    area: "2,863 SQ.FT.",
    price: "£ 4,250,000",
  },
];
